Shape: (15000, 9)

Nulls:
User_ID       0
Calories      0
Gender        0
Age           0
Height        0
Weight        0
Duration      0
Heart_Rate    0
Body_Temp     0
dtype: int64

            User_ID      Calories           Age        Height        Weight      Duration    Heart_Rate     Body_Temp
count  1.500000e+04  15000.000000  15000.000000  15000.000000  15000.000000  15000.000000  15000.000000  15000.000000
mean   1.497736e+07     89.539533     42.789800    174.465133     74.966867     15.530600     95.518533     40.025453
std    2.872851e+06     62.456978     16.980264     14.258114     15.035657      8.319203      9.583328      0.779230
min    1.000116e+07      1.000000     20.000000    123.000000     36.000000      1.000000     67.000000     37.100000
25%    1.247419e+07     35.000000     28.000000    164.000000     63.000000      8.000000     88.000000     39.600000
50%    1.499728e+07     79.000000     39.000000    175.000000     74.000000     16.000000     96.000000     40.200000
75%    1.744928e+07    138.000000     56.000000    185.000000     87.000000     23.000000    103.000000     40.600000
max    1.999965e+07    314.000000     79.000000    222.000000    132.000000     30.000000    128.000000     41.500000